The array has been sorted successfully.
data[0] = 1.000000
data[1] = 2.000000
data[2] = 3.000000
data[3] = 4.000000
data[4] = 5.000000
